Маршрут № 11 пл. Победы — Рябиновая поляна
  ==================пл. Победы=====================
  5.35  6.30  7.35  8.45  10.30  11.35  12.40  13.45  15.25 16.30
  17.45  18.50  20.20  21.30
  =================Рябиновая поляна===============
  6.00  7.00  8.10  9.15  11.00  12.05  13.10  14.15  15.55  17.00
  18.15  19.20  20.50  22.00Маршрут № 11 пл. Победы — Рябиновая поляна
 
  ==================пл. Победы=====================
  6.30  7.35  8.45  10.30  11.35  12.40  13.45  15.25 16.30 17.45
  18.50  20.20  21.30
  =================Рябиновая поляна=================
  7.00  8.10  9.15  11.00  12.05  13.10  14.15  15.55  17.00 18.15
  19.20  20.50  22.00