Маршрут № 12 Желябова- Пронино ч/з Красный бор
 =============== пл. Желябова ================
 5.10* 5.40* 6.00 6.20 6.40 7.00 7.35 7.55 8.15 8.45 9.10 10.00 10.30 11.30 12.00 12.40 13.10 13.30 14.25 15.15 15.40 15.55 16.15 16.45 17.15 17.55 18.15 18.50 19.40 20.25 21.50
 ======== Красный Бор в сторону Пронино ========
 6.25 6.45 7.05 7.25 8.00 8.20 8.40 9.10 9.35 10.2510.55 11.55 12.25 13.05 13.35 13.55 14.50 15.40 16.05 16.20 16.40 17.10 17.40 18.20 18.40 19.15 20.05 20.50 22.15
 ================= Пронино =================
 5.40 6.15 6.45 7.05 7.25 7.45 8.20 8.40 9.00 9.30 10.00 10.45 11.15 12.20 12.45 13.25 13.55 14.20 15.10 16.00 16.25 16.40 17.10 17.30 18.05 18.40 19.00 19.40 20.20 21.05 22.25
 ====== Красный Бор в сторону пл. Желябова ======
 5.50 6.25 6.55 7.15 7.35 7.55 8.30 8.50 9.10 9.40 10.10 10.5511.25 12.30 12.55 13.35 14.05 14.30 15.20 16.10 16.35 16.50 17.20 17.40 18.15 18.50 19.10 19.50 20.30 21.15 22.35Маршрут № 12 пл.Желябова — Пронино
 ============ Желябова ============
  6.10  7.05  7.45  8.05  8.45  9.15  9.35 10.20 10.45 11.15 12.05 12.45 13.25 13.50 14.20 15.15 15.50 16.20 16.45 17.25 17.50 18.10 19.00 19.40 20.25 21.50
 == Красный Бор в сторону Пронино ==
  6.35  7.30  8.10  8.30  9.10  9.40 10.00 10.45 11.10 11.40 12.30 13.10 13.50 14.15 14.45 15.40 16.15 16.45 17.10 17.50 18.15 18.35 19.25 20.05 20.50 22.15
 ============= Пронино ==============
  7.00  7.50  8.30  8.50  9.30 10.00 10.20 11.05 11.30 12.00 12.55 13.30 14.10 14.35 15.05 16.00 16.35 17.05 17.30 18.15 18.35 18.55 19.40 20.20 21.05 22.25
 == Красный Бор в сторону Желябова ==
  7.10  8.00  8.40  9.00  9.40 10.10 10.30 11.15 11.40 12.10 13.05 13.40 14.20 14.45 15.15 16.10 16.45 17.15 17.40 18.25 18.45 19.05 19.50 20.30 21.15 22.35