Маршрут № 28 пл. Желябова — п. Дубровенка
 
  ==================пл. Желябова=====================
  6.15  6.57  7.45  8.35  9.25  10.50  11.40  12.30  13.20  14.06  15.25 
  16.12 17.02 17.52 18.42 20.00  20.50 21.25 22.10
  ===================с/з Дубровенка===================
  6.35  7.20  8.10  9.00  9.50  11.15 12.05 12.55 13.43 14.30 15.47
  16.37 17.27 18.17 19.05  20.23  21.05  21.50  22.30Маршрут № 28 пл. Желябова — п. Дубровенка
 
  ==================пл. Желябова=====================
  6.59  7.45  8.35  9.25  10.50  11.40  12.30  13.20  14.13  15.13 
  16.00  16.50  17.40  18.30  20.00  20.50  21.25 
  ===================с/з Дубровенка===================
  7.20  8.10  9.00  9.50  11.15  12.05  12.55  13.43  14.35  15.35
  16.25  17.15  18.05  18.50  20.23  21.05  21.50