Маршрут № 31 пл. Желябова — Миловидово
 
  ==================пл. Желябова=====================
 7.35  8.20  9.00  9.45 10.50 12.05 13.20 13.50 15.05 16.20 16.55 17.40 18.15 19.00 19.35
  ===================Миловидово=====================
  7.00  7.15  7.30  8.10  8.55  9.35 10.20 11.25 12.40 14.00  14.25 15.40 17.00 17.35 18.20 18.55 19.35 20.10 Маршрут № 31 пл. Желябова — Миловидово
 
  ==================пл. Желябова=====================
 7.36  8.50 10.40 11.45 12.50 14.00 16.20 17.35 18.45 
  ===================Миловидово====================
 7.05  8.12  9.25 11.12 12.17 13.25 14.33 17.00 18.10 19.15 