Маршрут№ 2 «37-я школа — Аркада»
6,18;7,11; 7,51; 8,27; 8,48; 9,23; 9,57; 10,22; 10,54; 11,28; 11,50;12,58; 13,42; 14,18; 15,07; 15,54; 17,24; 18,05; 19,12(вдепо); 19,45; 21,15; 22,42(в депо)
Маршрут№ 2 «П.Алексеева —Аркада»
6,20;7,13; 7,53; 8,29; 8,50; 9,25; 9,59; 10,24; 10,56; 11,30; 11,52;13,00; 13,44; 14,20; 15,09; 15,56; 17,26; 18,07; 19,14(вдепо); 19,47; 21,17; 22,44(в депо)
Маршрут№ 2 «Румянцева — Аркада»
6,32;7,06; 7,27; 8,07; 8,43; 9,04; 9,38; 10,12; 10,37; 11,09; 11,42;12,05; 13,13; 13,56; 14,33; 14,41; 15,22; 16,09; 17,40; 18,21; 19,59;21,29
Маршрут№ 2 «Николаева — Аркада»
6,47;7,23; 7,44; 8,24; 8,59; 9,20; 9,54; 10,28; 10,53; 11,25; 11,58;12,21; 13,29; 14,12; 14,49; 14,57; 15,38; 16,26; 17,57; 18,38; 20,14;21,44
Маршрут№ 2 «Аркада — 37-я школа»
6,57;7,37; 7,57; 8,35; 9,09; 9,33; 10,05; 10,41; 11,03; 12,09; 12,53;13,32; 13,39(в депо); 14,21; 15,08;16,35; 17,14; 18,23; 18,51(в депо);18,59; 20,29; 21,58
Маршрут№ 2 «Николаева — 37-я школа»
7,06;7,46; 8,06; 8,44; 9,18; 9,42; 10,14; 10,50; 11,12; 12,18; 13,02;13,41; 13,47(в депо); 14,30; 15,17;16,44; 17,23; 18,32; 19,00(в депо);19,07; 20,37; 22,06
Маршрут№ 2 «Румянцева — 37-я школа»
5,57;6,50; 7,23; 8,03; 8,23; 9,01; 9,34; 9,58; 10,30; 11,06; 11,28; 12,34;13,18; 13,57; 14,46; 15,33; 17,00; 17,40; 18,49; 19,22; 20,52; 22,21
Маршрут№ 2 «П.Алексеева — 37-я школа»
6,08;7,01; 7,36; 8,16; 8,36; 9,13; 9,46; 10,10; 10,42; 11,18; 11,40;12,46; 13,30; 14,09; 14,58; 15,45; 17,14; 17,53; 19,02; 19,33; 21,03;22,32
Маршрут№ 2 «37-я школа — Аркада»
8,41;10,04; 11,31; 13,49; 15,13; 16,38; 18,02
Маршрут№ 2 «П.Алексеева —Аркада»
8,43;10,06; 11,33; 13,51; 15,15; 16,40; 18,04
Маршрут№ 2 «Румянцева —Аркада»
8,55;10,17; 11,45; 14,03; 15,27; 16,52; 18,16
Маршрут№ 2 «Николаева — Аркада»
9,10;10,32; 12,00; 14,18; 15,42; 17,07; 18,31
Маршрут№ 2 «Аркада — 37-я школа»
9,21;10,44; 13,05; 14,27; 15,53; 17,17; 18,41(вдепо)
Маршрут№ 2 «Николаева — 37-я школа»
9,29;10,52; 13,13; 14,35; 16,01; 17,25; 18,49(вдепо)
Маршрут№ 2 «Румянцева — 37-я школа»
8,20;9,44; 11,07; 13,28; 14,50; 16,16; 17,40
Маршрут№ 2 «П.Алексеева — 37-я школа»
8,31;9,55; 11,18; 13,39; 15,01; 16,27; 17,51
