–Ь–∞—А—И—А—Г—ВвДЦ 1 –Ґ–С (–∞–≤—В–Њ–±—Г—Б)¬Ђ–Я–Њ–ї–Є–≥—А–∞—Д–Ї–Њ–Љ–±–Є–љ–∞—В вАФ –Ы–∞–Љ–њ–Њ–≤—Л–є–Ј–∞–≤–Њ–і¬ї
6,00;7,14; 8,34; 15,57; 17,08
–Ь–∞—А—И—А—Г—ВвДЦ 1 –Ґ–С (–∞–≤—В–Њ–±—Г—Б)¬Ђ–Ы–∞–Љ–њ–Њ–≤—Л–є –Ј–∞–≤–Њ–і вАФ –®–∞—А–Љ¬ї
6,04;7,23; 8,38; 16,01; 17,12
–Ь–∞—А—И—А—Г—ВвДЦ 1 ¬Ђ–Я–Њ–ї–Є–≥—А–∞—Д–Ї–Њ–Љ–±–Є–љ–∞—В вАФ –®–∞—А–Љ¬ї
4,53(–Є–Ј–і–µ–њ–Њ);5,15(–Є–Ј–і–µ–њ–Њ);5,35(–Є–Ј–і–µ–њ–Њ);5,54; 6,08; 6,20; 6,31(–Є–Ј–і–µ–њ–Њ);6,42(–Є–Ј–і–µ–њ–Њ);6,52; 7,00(–Є–Ј–і–µ–њ–Њ);7,10; 7,20(–Є–Ј–і–µ–њ–Њ);7,28; 7,37; 7,46; 7,53; 8,02; 8,10; 8,19; 8,30; 8,42; 8,49; 9,00;9,11; 9,23; 9,35; 9,46; 9,56; 10,07; 10,17; 10,25; 10,34; 10,44;10,55; 11,05; 11,16; 11,27; 11,39; 11,50; 12,01; 12,13; 12,25; 12,35;12,46; 12,57; 13,10; 13,22; 13,31; 13,42; 13,55; 14,05; 14,16; 14,27;14,37; 14,49; 15,00; 15,08; 15,17; 15,26; 15,35; 15,44; 15,54; 16,05;16,10; 16,19; 16,28; 16,38; 16,46; 16,56; 17,07; 17,16; 17,23; 17,35;17,46; 17,56; 18,15; 18,32; 18,57; 19,21; 19,43; 20,05; 20,27; 20,49;21,11; 21,33; 21,56; 22,20; 22,46
–Ь–∞—А—И—А—Г—ВвДЦ 1 ¬Ђ–†—Г–Љ—П–љ—Ж–µ–≤–∞ вАФ–®–∞—А–Љ¬ї
5,01;5,23; 5,43; 6,02; 6,16; 6,28; 6,39; 6,50; 7,00; 7,10; 7,20; 7,30;7,38; 7,47; 7,56; 8,03; 8,12; 8,20; 8,29; 8,40; 8,51; 8,59; 9,09;9,20; 9,32; 9,44; 9,55; 10,05; 10,16; 10,26; 10,34; 10,43; 10,53;11,04; 11,14; 11,25; 11,36; 11,48; 11,59; 12,10; 12,22; 12,34; 12,44;12,55; 13,06; 13,19; 13,31; 13,40; 13,51; 14,04; 14,14; 14,25; 14,36;14,46; 14,57; 15,09; 15,17; 15,26; 15,35; 15,44; 15,53; 16,03; 16,14;16,20; 16,29; 16,38; 16,48; 16,56; 17,06; 17,16; 17,25; 17,33; 17,45;17,56; 18,06; 18,24; 18,42; 19,05; 19,29; 19,51; 20,13; 20,35; 20,57;21,19; 21,41; 22,04; 22,28; 22,54
–Ь–∞—А—И—А—Г—ВвДЦ 1 ¬Ђ–Ю–њ—В–Є–Ї–∞ вАФ–®–∞—А–Љ¬ї
5,16;5,38; 5,58; 6,17; 6,31; 6,43; 6,54; 7,05; 7,17; 7,17; 7,37; 7,47;7,55; 8,04; 8,13; 8,20; 8,29; 8,37; 8,46; 8,57; 9,08; 9,15; 9,25;9,36; 9,48; 10,00; 10,11; 10,21; 10,32; 10,42; 10,50; 10,59; 11,09;11,20; 11,30; 11,41; 11,52; 12,04; 12,15; 12,26; 12,38; 12,50; 13,00;13,11; 13,22; 13,35; 13,47; 13,56; 14,07; 14,20; 14,30; 14,41; 14,52;15,02; 15,13; 15,25; 15,33; 15,42; 15,51; 16,00; 16,09; 16,19; 16,30;16,37; 16,46; 16,55; 17,05; 17,13; 17,23; 17,32; 17,42; 17,50; 18,02;18,13; 18,23; 18,41; 18,59; 19,20; 19,44; 20,06; 20,28; 20,50; 21,12;21,34; 21,56; 22,19; 22,43; 23,09
–Ь–∞—А—И—А—Г—ВвДЦ 1 ¬Ђ –®–∞—А–Љ вАФ–Я–Њ–ї–Є–≥—А–∞—Д–Ї–Њ–Љ–±–Є–љ–∞—В¬ї
5,23;5,46; 6,06; 6,26; 6,43(–∞–≤—В–Њ–±—Г—БвДЦ 1 –Ґ–С, –љ–∞ –Ы–∞–Љ–њ–Њ–≤—Л–є –Ј–∞–≤–Њ–і); 6,53; 7,03; 7,13; 7,25; 7,35; 7,45; 7,55; 8,03(–∞–≤—В–Њ–±—Г—БвДЦ 1 –Ґ–С, –љ–∞ –Ы–∞–Љ–њ–Њ–≤—Л–є –Ј–∞–≤–Њ–і); 8,14; 8,25; 8,33; 8,42; 8,50; 8,59; 9,07; 9,17; 9,29; 9,40; 9,50;10,00; 10,11; 10,21; 10,32; 10,40; 10,50; 11,00; 11,10; 11,21; 11,32;11,42; 11,52; 12,02; 12,14; 12,23; 12,35; 12,48; 12,59; 13,11; 13,22;13,31; 13,44; 13,55; 14,04; 14,16; 14,28; 14,38; 14,49; 15,02; 15,13;15,25(–∞–≤—В–Њ–±—Г—БвДЦ 1 –Ґ–С, –љ–∞ –Ы–∞–Љ–њ–Њ–≤—Л–є –Ј–∞–≤–Њ–і); 15,35; 15,41; 15,51; 16,00; 16,08; 16,18; 16,28; 16,38(–∞–≤—В–Њ–±—Г—БвДЦ 1 –Ґ–С, –љ–∞ –Ы–∞–Љ–њ–Њ–≤—Л–є –Ј–∞–≤–Њ–і); 16,47; 16,55; 17,03; 17,13; 17,23; 17,32; 17,40; 17,50; 18,00;18,12; 18,21; 18,31; 18,49; 19,08; 19,31; 19,55; 20,18; 20,38; 21,01;21,25; 21,47; 22,09; 22,29; 22,51; 23,17
–Ь–∞—А—И—А—Г—ВвДЦ 1 ¬Ђ –Ю–њ—В–Є–Ї–∞ вАФ–Я–Њ–ї–Є–≥—А–∞—Д–Ї–Њ–Љ–±–Є–љ–∞—В¬ї
5,30;5,53; 6,13; 6,33; 6,50(–∞–≤—В–Њ–±—Г—БвДЦ 1 –Ґ–С, –љ–∞ –Ы–∞–Љ–њ–Њ–≤—Л–є –Ј–∞–≤–Њ–і); 7,00; 7,10; 7,20; 7,32; 7,42; 7,52; 8,02; 8,09(–∞–≤—В–Њ–±—Г—БвДЦ 1 –Ґ–С, –љ–∞ –Ы–∞–Љ–њ–Њ–≤—Л–є –Ј–∞–≤–Њ–і); 8,21; 8,32; 8,40; 8,49; 8,57; 9,06; 9,14; 9,24; 9,36; 9,47; 9,57;10,07; 10,18; 10,28; 10,39; 10,47; 10,57; 11,07; 11,17; 11,28; 11,39;11,49; 11,59; 12,09; 12,21; 12,30; 12,42; 12,55; 13,06; 13,18; 13,29;13,38; 13,51; 14,02; 14,11; 14,23; 14,35; 14,45; 14,56; 15,09; 15,20;15,32(–∞–≤—В–Њ–±—Г—БвДЦ 1 –Ґ–С, –љ–∞ –Ы–∞–Љ–њ–Њ–≤—Л–є –Ј–∞–≤–Њ–і); 15,42; 15,48; 15,58; 16,07; 16,15; 16,25; 16,35; 16,44(–∞–≤—В–Њ–±—Г—БвДЦ 1 –Ґ–С, –љ–∞ –Ы–∞–Љ–њ–Њ–≤—Л–є –Ј–∞–≤–Њ–і); 16,54; 17,02; 17,10; 17,20; 17,30; 17,39; 17,47; 17,57; 18,07;18,19; 18,28; 18,38; 18,56; 19,15; 19,38; 20,02; 20,25; 20,45; 21,08;21,32; 21,54; 22,16; 22,36; 22,58; 23,24
–Ь–∞—А—И—А—Г—ВвДЦ 1 ¬Ђ –†—Г–Љ—П–љ—Ж–µ–≤–∞ вАФ–Я–Њ–ї–Є–≥—А–∞—Д–Ї–Њ–Љ–±–Є–љ–∞—В¬ї
5,45;6,08; 6,28; 6,48; 7,05(–∞–≤—В–Њ–±—Г—БвДЦ 1 –Ґ–С, –љ–∞ –Ы–∞–Љ–њ–Њ–≤—Л–є –Ј–∞–≤–Њ–і); 7,17; 7,27; 7,37; 7,48; 7,58; 8,08; 8,18; 8,25(–∞–≤—В–Њ–±—Г—БвДЦ 1 –Ґ–С, –љ–∞ –Ы–∞–Љ–њ–Њ–≤—Л–є –Ј–∞–≤–Њ–і); 8,38; 8,49; 8,57; 9,06; 9,13; 9,22; 9,30; 9,40; 9,52; 10,03; 10,13;10,23; 10,34; 10,44; 10,55; 11,03; 11,13; 11,23; 11,33; 11,44; 11,55;12,05; 12,15; 12,25; 12,37; 12,46; 12,58; 13,11; 13,22; 13,34; 13,45;13,54; 14,07; 14,17; 14,26; 14,39; 14,51; 15,00; 15,12; 15,25; 15,36;15,48(–∞–≤—В–Њ–±—Г—БвДЦ 1 –Ґ–С, –љ–∞ –Ы–∞–Љ–њ–Њ–≤—Л–є –Ј–∞–≤–Њ–і); 15,58; 16,04; 16,14; 16,24; 16,32; 16,42; 16,52; 16,59(–∞–≤—В–Њ–±—Г—БвДЦ 1 –Ґ–С, –љ–∞ –Ы–∞–Љ–њ–Њ–≤—Л–є –Ј–∞–≤–Њ–і); 17,11; 17,19; 17,27; 17,36; 17,47; 17,56; 18,04; 18,13; 18,24;18,36; 18,43; 18,55; 19,11; 19,30; 19,53; 20,17; 20,40; 21,00; 21,23;21,47; 22,09; 22,31; 22,51; 23,13; 23,39
–Ь–∞—А—И—А—Г—ВвДЦ 1 ¬Ђ–Я–Њ–ї–Є–≥—А–∞—Д–Ї–Њ–Љ–±–Є–љ–∞—В вАФ –®–∞—А–Љ¬ї
5,25(–Є–Ј–і–µ–њ–Њ);5,55(–Є–Ј–і–µ–њ–Њ);6,21(–Є–Ј–і–µ–њ–Њ);6,45; 7,05; 7,26; 7,48; 8,03(–Є–Ј–і–µ–њ–Њ);8,22; 8,42; 9,06; 9,27; 9,51; 10,16; 10,38; 10,57; 11,13; 11,29;11,45; 12,01; 12,18; 12,36; 12,55; 13,14; 13,35; 14,00; 14,19; 14,40;14,56; 15,11; 15,28; 15,44; 16,03; 16,21; 16,37; 16,53; 17,10; 17,33;17,58; 18,20; 18,46; 19,11; 19,36; 20,01; 20,26; 20,49; 21,07; 21,30;21,55; 22,20; 22,46
–Ь–∞—А—И—А—Г—ВвДЦ 1 ¬Ђ–†—Г–Љ—П–љ—Ж–µ–≤–∞ вАФ–®–∞—А–Љ¬ї
5,33;6,03; 6,29; 6,53; 7,13; 7,34; 7,56; 8,11; 8,30; 8,50; 9,14; 9,35;9,59; 10,24; 10,46; 11,05; 11,21; 11,37; 11,53; 12,09; 12,26; 12,44;13,03; 13,22; 13,43; 14,08; 14,27; 14,48; 15,04; 15,19; 15,36; 15,52;16,11; 16,29; 16,45; 17,01; 17,18; 17,41; 18,06; 18,28; 18,54; 19,19;19,44; 20,09; 20,34; 20,57; 21,15; 21,38;22,03; 22,28; 22,54
–Ь–∞—А—И—А—Г—ВвДЦ 1 ¬Ђ–Ю–њ—В–Є–Ї–∞вАФ –®–∞—А–Љ¬ї
5,48;6,18; 6,44; 7,08; 7,28; 7,49; 8,11; 8,26; 8,45; 9,05; 9,29; 9,50;10,14; 10,39; 11,01; 11,20; 11,36; 11,52; 12,08; 12,24; 12,41; 12,59;13,18; 13,37; 13,58; 14,23; 14,42; 15,03; 15,19; 15,34; 15,51; 16,07;16,26; 16,44; 17,00; 17,16; 17,33; 17,56; 18,21; 18,43; 19,09; 19,34;19,59; 20,24; 20,49; 21,12; 21,30; 21,53; 22,18; 22,43; 23,09
–Ь–∞—А—И—А—Г—ВвДЦ 1 ¬Ђ–®–∞—А–Љ вАФ –Я–Њ–ї–Є–≥—А–∞—Д–Ї–Њ–Љ–±–Є–љ–∞—В¬ї
5,58;6,28; 6,54; 7,17; 7,37; 7,59; 8,20; 8,34; 8,53; 9,14; 9,38; 9,59;10,23; 10,47; 11,10; 11,29; 11,45; 12,02; 12,17; 12,33; 12,51; 13,10;13,27; 13,47; 14,07; 14,32; 14,53; 15,12; 15,29; 15,46; 16,01; 16,17;16,34; 16,54; 17,10; 17,26; 17,45; 18,05; 18,29; 18,52; 19,18; 19,43;20,08; 20,33; 20,58; 21,23; 21,40; 22,03; 22,27; 22,56; 23,18
–Ь–∞—А—И—А—Г—ВвДЦ 1 ¬Ђ–Ю–њ—В–Є–Ї–∞ вАФ –Я–Њ–ї–Є–≥—А–∞—Д–Ї–Њ–Љ–±–Є–љ–∞—В¬ї
6,06;6,36; 7,02; 7,25; 7,45; 8,07; 8,28; 8,42; 9,01; 9,22; 9,46; 10,07;10,31; 10,55; 11,18; 11,37; 11,53; 12,10; 12,25; 12,41; 12,59; 13,18;13,35; 13,55; 14,15; 14,40; 15,01; 15,20; 15,37; 15,54; 16,09; 16,25;16,42; 17,02; 17,18; 17,34; 17,53; 18,13; 18,37; 19,00; 19,26; 19,51;20,16; 20,41; 21,06; 21,31; 21,48; 22,11; 22,35; 23,04; 23,26
–Ь–∞—А—И—А—Г—ВвДЦ 1 ¬Ђ–†—Г–Љ—П–љ—Ж–µ–≤–∞ вАФ–Я–Њ–ї–Є–≥—А–∞—Д–Ї–Њ–Љ–±–Є–љ–∞—В¬ї
6,21;6,51; 7,17; 7,40; 8,00; 8,22; 8,43; 8,57; 9,16; 9,37; 10,01; 10,22;10,46; 11,10; 11,33; 11,52; 12,08; 12,25; 12,40; 12,56; 13,14; 13,33;13,50; 14,10; 14,30; 14,55; 15,16; 15,35; 15,52; 16,09; 16,24; 16,40;16,57; 17,17; 17,33; 17,49; 18,08; 18,28; 18,52; 19,15; 19,41; 20,06;20,31; 20,56; 21,21; 21,46; 22,03; 22,26; 22,50; 23,19; 23,41
