Маршрут№ 3 «37-я школа— Аркада»
5,56;6,39; 6,59; 7,25; 7,37; 8,03; 8,16; 8,38; 8,59; 9,10; 9,35; 9,46;10,08; 10,33; 10,44; 11,04; 11,15; 11,39; 12,01; 12,12; 12,23; 12,34;12,45; 13,13; 13,28; 13,52(в депо); 13,54; 14,06; 14,34; 14,50;15,25; 15,43; 16,07; 16,18; 16,30; 16,43; 16,56; 17,10; 17,37; 17,53;18,19; 18,32; 18,43; 19,00; 19,23; 20,07; 20,30; 20,53; 21,37; 21,59;22,25; 23,04(в депо); 23,49(в депо)
Маршрут№ 3 «П.Алексеева— Аркада»
5,58;6,42; 7,01; 7,27; 7,39; 8,05; 8,18; 8,40; 9,01; 9,12; 9,37; 9,48;10,10; 10,35; 10,46; 11,06; 11,17; 11,41; 12,03; 12,14; 12,25; 12,36;12,47; 13,15; 13,30; 13,54(в депо); 13,56; 14,08; 14,36; 14,52;15,27; 15,45; 16,09; 16,20; 16,32; 16,45; 16,58; 17,12; 17,39;17,55; 18,21; 18,34; 18,45; 19,02; 19,25; 20,09; 20,32; 20,55;21,39; 22,01; 22,27; 23,06(в депо); 23,51(в депо)
Маршрут№ 3 «Румянцева — Аркада»
5,31;5,51; 6,10; 6,45; 6,55; 7,15; 7,41; 7,53; 8,18; 8,32; 8,54; 9,14;9,25; 9,50; 10,01; 10,23; 10,48; 10,59; 11,19; 11,30; 11,54; 12,16;12,27; 12,38; 12,49; 13,00; 13,28; 13,43; 14,09; 14,21; 14,49; 15,01;15,05; 15,30; 15,40; 15,58; 16,23; 16,34; 16,45; 16,59; 17,11; 17,26;17,53; 18,09;18,35; 18,48; 18,59; 19,14; 19,37; 20,21; 20,44; 21,07; 21,51; 22,13;22,39
Маршрут№ 3 «Николаева — Аркада»
5,46;6,06; 6,25; 7,01; 7,12; 7,32; 7,58; 8,10; 8,35; 8,49; 9,10; 9,30;9,41; 10,06; 10,17; 10,39; 11,04; 11,15; 11,35; 11,46; 12,10; 12,32;12,43; 12,54; 13,05; 13,16; 13,44; 13,59; 14,25; 14,37; 15,05; 15,17;15,21; 15,46; 15,56; 16,15; 16,40; 16,51; 17,02; 17,16; 17,28; 17,43;18,10; 18,26; 18,52; 19,05; 19,14; 19,29;19,52; 20,36; 20,59; 21,22; 22,06; 22,28; 22,54
Маршрут№ 3 «Аркада — 37-я школа»
5,55;6,16; 6,37; 7,15; 7,26; 7,47; 8,09; 8,20; 8,52; 9,22; 9,43; 9,54;10,16; 10,27; 10,53; 11,14; 11,25; 11,35; 11,46; 11,56; 12,25; 12,41;13,05; 13,17; 13,47; 13,57(в депо);14,04; 14,09(в депо); 14,39; 14,58;15,19; 15,30; 15,42; 15,55; 16,09; 16,22; 16,49; 17,04; 17,17(вдепо); 17,27; 17,41; 17,54; 18,07; 18,37; 19,15(вдепо); 19,23; 19,45; 20,07; 20,46(вдепо); 20,52; 21,13; 21,36; 22,20; 22,37(вдепо); 23,05
Маршрут№ 3 «Николаева — 37-я школа»
6,03;6,24; 6,45; 7,24; 7,35; 7,56; 8,18; 8,29; 9,01; 9,31; 9,52; 10,03;10,25; 10,36; 11,02; 11,23; 11,34; 11,44; 11,55; 12,05; 12,34; 12,50;13,14; 13,26; 13,56; 14,06(вдепо);14,13; 14,18(вдепо);14,48; 15,06; 15,28; 15,39; 15,51; 16,04; 16,18; 16,31; 16,58; 17,13;17,26(вдепо);17,36; 17,50; 18,03; 18,16; 18,46; 19,23(вдепо);19,31; 19,53; 20,15; 20,54(вдепо);21,00; 21,21; 21,44; 22,28; 22,45(вдепо);23,13
Маршрут№ 3 «Румянцева — 37-я школа»
5,35;6,18; 6,39; 7,01; 7,14; 7,40; 7,52; 8,13; 8,35; 8,46; 9,12; 9,17;9,47; 10,08; 10,19; 10,41; 10,52; 11,18; 11,39; 11,49; 12,00; 12,11;12,21; 12,50; 13,06; 13,30; 13,33; 13,42; 14,12; 14,29; 15,04; 15,21;15,44; 15,55; 16,08; 16,21; 16,35; 16,48; 17,15; 17,30; 17,53; 18,07;18,20; 18,33; 19,03; 19,46; 20,08; 20,30; 21,15; 21,36; 21,59; 22,43; 23,28
Маршрут№ 3 «П.Алексеева — 37-я школа»
5,46;6,29; 6,50; 7,14; 7,27; 7,53; 8,05; 8,26; 8,48; 8,59; 9,24; 9,30;9,59; 10,20; 10,31; 10,53; 11,04; 11,30; 11,51; 12,01; 12,12; 12,23;12,33; 13,02; 13,18; 13,42; 13,45; 13,54; 14,24; 14,41; 15,16; 15,33;15,56; 16,08; 16,21; 16,34; 16,47; 17,01; 17,28; 17,43; 18,06; 18,20;18,33; 18,46; 19,14; 19,57; 20,19; 20,41; 21,26; 21,47; 22,10; 22,54;23,39
Маршрут№ 3 «37-я школа— Аркада»
5,38;6,06; 6,33; 7,03; 7,30; 7,54; 8,10; 8,26; 8,54; 9,10; 9,26; 9,41;10,29; 10,47; 11,01; 11,16; 11,45; 12,02; 12,20; 12,40; 13,04; 13,21;13,36; 13,41(вдепо);14,02(вдепо);14,04; 14,18; 14,28(вдепо);14,30; 14,44; 14,58; 15,29; 15,43; 15,54; 16,08; 16,23; 16,53; 17,08;17,22; 17,35; 17,48; 18,19; 18,35; 18,57; 19,18; 19,41; 19,56(вдепо);20,11; 20,38; 21,06; 21,35; 22,00; 22,29; 22,58(вдепо);23,22(вдепо);23,50(вдепо)
Маршрут№ 3 «П.Алексеева— Аркада»
5,40;6,08; 6,35; 7,05; 7,32; 7,56; 8,12; 8,28; 8,56; 9,12; 9,28; 9,43;10,31; 10,49; 11,03; 11,18; 11,47; 12,04; 12,22; 12,42; 13,06; 13,23;13,38; 13,43(вдепо);14,04(вдепо);14,06; 14,20; 14,30(вдепо);14,32; 14,46; 15,00; 15,31; 15,45; 15,56; 16,10; 16,25; 16,55; 17,10;17,24; 17,37; 17,50; 18,21; 18,37; 18,59; 19,20; 19,43; 19,58(вдепо);20,13; 20,40; 21,08; 21,37; 22,02; 22,31; 23,00(вдепо);23,24(вдепо);23,52(вдепо)
Маршрут№ 3 «Николаева — Аркада»
6,07;6,35; 7,02; 7,32; 7,59; 8,22; 8,39; 8,55; 9,23; 9,38; 9,55; 10,09;10,57; 11,15; 11,30; 11,45; 12,13; 12,31; 12,49; 13,09; 13,32; 13,50;14,05; 14,32; 14,47; 14,59; 15,13; 15,27; 15,58; 16,12; 16,23; 16,37;16,52; 17,22; 17,37; 17,51; 18,04; 18,17; 18,48; 19,04; 19,26; 19,47;20,10; 20,38; 21,06; 21,35; 22,04; 22,29; 22,57
Маршрут№ 3 «Аркада — 37-я школа»
6,17;6,44; 7,11; 7,43; 8,11; 8,38; 8,58; 9,46; 10,04; 10,18; 10,31; 10,59;11,15; 11,35; 11,56; 12,21; 12,38; 12,58; 13,18; 13,32; 13,44; 13,59;14,14; 14,42; 14,57; 15,09; 15,23; 15,38; 16,08; 16,23; 16,38; 16,49;17,02; 17,32; 17,52; 18,14; 18,35; 18,57; 19,12; 19,28; 19,35(вдепо);19,55; 20,20; 20,47; 21,15; 21,46; 22,14; 22,39;23,07
Маршрут№ 3 «Николаева — 37-я школа»
6,25;6,52; 7,19; 7,51; 8,19; 8,46; 9,06; 9,54; 10,12; 10,26; 10,39; 11,07;11,23; 11,43; 12,04; 12,29; 12,46; 13,06; 13,26; 13,40; 13,52; 14,07;14,22; 14,50; 15,05; 15,17; 15,31; 15,46; 16,16; 16,31; 16,46; 16,57;17,10; 17,40; 18,00; 18,22; 18,43; 19,05; 19,20; 19,36; 19,43(вдепо);20,03; 20,28; 20,55; 21,23; 21,54; 22,22; 22,47; 23,15
Маршрут№ 3 «Румянцева — 37-я школа»
5,17;5,45; 6,12; 6,40; 7,07; 7,34; 7,49; 8,06; 8,34; 8,48; 9,01; 9,21;10,09; 10,27; 10,41; 10,54; 11,22; 11,38; 11,58; 12,19; 12,44; 13,01;13,12; 13,20; 13,41; 13,44; 13,55; 14,07; 14,10; 14,22; 14,37; 15,05;15,20; 15,32; 15,46; 16,01; 16,31; 16,46; 17,01; 17,12; 17,25; 17,55;18,15; 18,37; 18,58; 19,20; 19,35; 19,51; 20,18; 20,43; 21,10; 21,38;22,09; 22,37; 23,02; 23,30
Маршрут№ 3 «П.Алексеева — 37-я школа»
5,28;5,56; 6,23; 6,51; 7,18; 7,45; 8,00; 8,17; 8,45; 8,59; 9,12; 9,32;10,20; 10,38; 10,52; 11,05; 11,33; 11,49; 12,09; 12,30; 12,55; 13,12;13,23; 13,31; 13,52; 13,55; 14,06; 14,18; 14,21; 14,33; 14,48; 15,16;15,31; 15,43; 15,57; 16,12; 16,42; 16,57; 17,12; 17,23; 17,36; 18,06;18,26; 18,48; 19,09; 19,31; 19,46; 20,02; 20,29; 20,54; 21,21; 21,49;22,20; 22,48; 23,13; 23,41
