Маршрут№ 3 «Рославльское кольцо — ул.Багратиона»
5,51; 6,11; 6,40; 7,10; 7,20; 7,31;7,52; 8,07; 8,17; 8,32; 8,43; 9,03; 9,17; 9,25(вдепо); 9,39; 9,57(в депо);10,14; 10,27; 10,32(в депо); 10,57;11,05(в депо); 11,24; 11,36; 11,54;12,04; 12,17; 12,33; 12,46; 13,01; 13,13; 13,26; 13,41; 13,54; 14,07;14,32; 14,34(в депо); 14,49; 15,10;15,26(в депо); 15,35; 15,43(вдепо); 16,05; 16,15; 16,30; 16,40; 16,56; 17,13; 17,28;17,43; 17,46(в депо); 18,10; 18,21(вдепо); 18,42; 19,01; 19,03(в депо);19,33(в депо); 20,02; 20,52; 21,45;22,37(в депо)
Маршрут№ 3 «Медгородок — ул.Багратиона»
5,56; 6,16; 6,44; 7,15; 7,25; 7,36;7,57; 8,12; 8,22; 8,37; 8,48; 9,08; 9,22; 9,44; 10,19; 10,32; 11,02;11,29; 11,41; 11,59; 12,09; 12,22; 12,38; 12,50; 13,06; 13,18; 13,31;13,46; 13,59; 14,13; 14,37; 14,54; 15,15; 15,40; 16,10; 16,20; 16,35;16,45; 17,00; 17,18; 17,33; 17,48; 18,15; 18,47; 19,06; 20,07; 20,57;21,50
Маршрут№ 3 «ул. Багратиона — Рославльскоекольцо»
6,17; 6,38; 7,05; 7,37; 7,48; 7,59;8,19; 8,35; 8,45; 9,00; 9,10; 9,32; 9,44; 10,07; 10,40; 10,55; 11,24;11,52; 12,05; 12,22; 12,31; 12,44; 13,01; 13,13; 13,27; 13,39; 13,54;14,09; 14,22; 14,36; 15,01; 15,18; 15,36; 16,03; 16,32; 16,43; 16,58;17,08; 17,21; 17,43; 17,56; 18,12; 18,38; 19,08; 19,28; 20,27; 21,17;22,13
Маршрут№ 3 «Рославльское кольцо — ул.Багратиона»
5,44; 6,13; 6,42; 7,10; 7,27; 7,40;7,55; 8,11; 8,26; 8,44; 8,53; 9,04; 9,18; 9,35(вдепо); 9,46; 9,57(в депо);10,17; 10,37; 10,38(в депо); 10,54;11,09(в депо); 11,27; 11,35; 11,52;12,03; 12,25; 12,40; 12,52; 13,09; 13,27; 13,39; 13,49; 14,04; 14,22;14,39; 14,43(в депо); 14,59; 15,17;15,31(в депо); 15,43; 15,53(вдепо); 16,15; 16,33; 16,49; 17,05; 17,14; 17,31; 17,43(вдепо); 18,06; 18,07(в депо);18,36; 18,57(в депо); 19,06; 19,26(вдепо); 20,01; 20,55; 21,53; 22,43(вдепо)
Маршрут№ 3 «Медгородок — ул.Багратиона»
5,49; 6,18; 6,47; 7,15; 7,32; 7,45;8,00; 8,16; 8,31; 8,49; 8,58; 9,09; 9,22; 9,51; 10,22; 10,42; 10,59;11,32; 11,40; 11,57; 12,08; 12,30; 12,45; 12,57; 13,14; 13,32; 13,44;13,54; 14,09; 14,27; 14,44; 15,04; 15,22; 15,48; 16,20; 16,38; 16,54;17,10; 17,19; 17,36; 18,11; 18,41; 19,11; 20,06; 21,00; 21,58
Маршрут№ 3 «ул. Багратиона — Рославльскоекольцо»
6,14; 6,42; 7,10; 7,37; 7,53; 8,08; 8,24; 8,39; 8,53; 9,10; 9,20; 9,32; 9,43; 10,13; 10,44; 11,03; 11,22; 11,54; 12,05; 12,20; 12,31; 12,54; 13,09; 13,20; 13,39; 13,58; 14,09; 14,18; 14,33; 14,49; 15,06; 15,28; 15,45; 16,11; 16,42; 16,59; 17,18; 17,33; 17,42; 18,00; 18,32; 19,02; 19,33; 20,27; 21,20; 22,19
