Маршрут№ 2 «П.Алексеева (рынок) — ул.Багратиона»
5,28; 5,38; 5,48; 5,58; 6,08; 6,18;6,28; 6,38; 6,48; 6,58; 7,08; 7,18; 7,25; 7,30; 7,35; 7,40; 7,45;7,50; 7,55; 8,00; 8,05; 8,10; 8,15; 8,20; 8,25; 8,31; 8,37; 8,43;8,50; 8,53(в депо); 8,58; 9,04; 9,12;9,14(в депо); 9,19; 9,26; 9,32; 9,34(вдепо); 9,39; 9,43(в депо);9,53; 9,55(в депо); 10,02; 10,08;10,15; 10,18(в депо); 10,24; 10,30;10,37; 10,39(в депо); 10,45; 10,50;10,57; 11,04; 11,06(в депо); 11,12;11,14(в депо); 11,22; 11,27(вдепо); 11,32; 11,36(в депо);11,42; 11,49; 11,57; 11,59(в депо);12,05; 12,11; 12,16; 12,21; 12,27; 12,34; 12,41; 12,49; 12,58;13,01(в депо); 13,08; 13,14; 13,20;13,22(в депо); 13,28; 13,35; 13,42;13,50; 13,56; 14,05; 14,10; 14,19; 14,26; 14,34; 14,45; 14,49(вдепо); 14,54; 15,04; 15,08(в депо);15,16; 15,23; 15,32; 15,38; 15,40(в депо);15,45; 15,52; 15,58; 16,03; 16,08; 16,13; 16,18; 16,23; 16,28; 16,34;16,42; 16,45(в депо); 16,50; 16,56;17,02; 17,04(в депо); 17,09; 17,16;17,21; 17,29; 17,31(в депо); 17,37;17,40(в депо); 17,48; 17,56; 18,01(вдепо); 18,06; 18,16; 18,21(в депо);18,27; 18,37; 18,41(в депо); 18,48;18,51(в депо); 19,00; 19,06; 19,09(вдепо); 19,12; 19,16(в депо);19,24; 19,34(в депо); 19,36; 19,48;20,00; 20,12; 20,24; 20,32(в депо);20,38; 20,51; 20,55(в депо); 21,05;21,17; 21,30; 21,43; 21,54; 21,57(в депо);22,06; 22,19; 22,30; 22,42; 22,52(в депо);23,01; 23,13; 23,26(в депо); 23,38(вдепо); 23,53(в депо)
Маршрут№ 2 «Медгородок — ул.Багратиона»
5,22; 5,32; 5,43; 5,52; 6,02; 6,12;6,22; 6,32; 6,42; 6,52; 7,03; 7,13; 7,23; 7,33; 7,40; 7,45; 7,50;7,55; 8,00; 8,05; 8,10; 8,15; 8,20; 8,25; 8,30; 8,35; 8,40; 8,46;8,52; 8,58; 9,05; 9,13; 9,19; 9,27; 9,34; 9,41; 9,47; 9,54; 10,08;10,16; 10,23; 10,30; 10,39; 10,45; 10,52; 11,00; 11,06; 11,12; 11,19;11,27; 11,37; 11,47; 11,57; 12,04; 12,13; 12,20; 12,26; 12,32; 12,36;12,42; 12,48; 12,57; 13,04; 13,13; 13,23; 13,29; 13,35; 13,43; 13,50;13,57; 14,06; 14,11; 14,21; 14,26; 14,29; 14,35; 14,41; 14,49; 14,52;15,01; 15,09; 15,19; 15,31; 15,38; 15,47; 15,53; 16,00; 16,07; 16,13;16,18; 16,23; 16,28; 16,33; 16,38; 16,43; 16,49; 16,57; 17,05; 17,11;17,17; 17,24; 17,31; 17,37; 17,44; 17,52; 18,03; 18,11; 18,21; 18,31;18,42; 18,52; 19,03; 19,14; 19,20; 19,26; 19,38; 19,50; 20,02; 20,14;20,26; 20,38; 20,52; 21,05; 21,19; 21,31; 21,44; 21,57; 22,08; 22,20;22,33; 22,44; 22,56; 23,15; 23,27
Маршрут№ 2 «ул. Багратиона — П.Алексеева (рынок)»
5,45;5,54; 6,06; 6,13; 6,22; 6,33; 6,43; 6,53; 7,02; 7,12; 7,23; 7,33;7,44; 7,54; 8,02; 8,07; 8,12; 8,17; 8,22; 8,27; 8,32; 8,37; 8,42;8,47; 8,52; 8,57; 9,02; 9,07; 9,13; 9,19; 9,28; 9,35; 9,41; 9,47;9,55; 10,03; 10,10; 10,20;10,30; 10,39;10,45; 10,52; 11,01; 11,07; 11,14; 11,21; 11,27; 11,34; 11,41; 11,49;12,00; 12,09; 12,18; 12,25; 12,34; 12,41; 12,47; 12,53; 12,58; 13,04;13,10; 13,19; 13,25; 13,34; 13,43; 13,50; 13,57; 14,05; 14,12; 14,19;14,28; 14,33; 14,42; 14,47; 14,52; 14,58; 15,04; 15,09; 15,15; 15,24;15,29; 15,39; 15,51; 15,59; 16,09; 16,15; 16,22; 16,29; 16,35; 16,40;16,45; 16,50; 16,55; 17,00; 17,05; 17,11; 17,18; 17,27; 17,32; 17,39;17,46; 17,52; 17,59; 18,07; 18,16; 18,24; 18,33; 18,42; 18,51; 19,02;19,13; 19,24; 19,36; 19,39(в депо);19,48; 20,00; 20,12; 20,22; 20,33; 20,45; 20,58; 21,11; 21,24; 21,38;21,51; 22,03; 22,17; 22,28; 22,40; 22,53; 23,05; 23,20; 23,34(вдепо);23,46(в депо)
Маршрут№ 2 «Медгородок — П.Алексеева (рынок)»
5,13(из депо);5,22(из депо); 5,31(издепо); 5,42(из депо);5,53(из депо); 6,04; 6,13; 6,24;6,32; 6,41; 6,52; 7,03; 7,11(из депо);7,12; 7,16(из депо); 7,21; 7,27(издепо); 7,32; 7,39(из депо);7,43; 7,52(из депо); 7,54; 7,59(издепо); 8,04; 8,10(из депо);8,15; 8,22; 8,27; 8,32; 8,37; 8,42; 8,47; 8,52; 8,57; 9,02; 9,07;9,12; 9,17; 9,22; 9,27; 9,33; 9,39; 9,48; 9,53(издепо); 9,55; 10,01; 10,07; 10,13(издепо); 10,15; 10,23; 10,30; 10,33(издепо); 10,37; 10,46(из депо);10,50; 10,54(из депо); 10,57; 11,05;11,12; 11,16(из депо); 11,21; 11,27;11,34; 11,41(из депо); 11,42; 11,47;11,54; 12,01; 12,07(из депо); 12,09;12,20; 12,26(из депо); 12,29; 12,38;12,45; 12,53; 12,57(из депо); 13,01;13,07; 13,13; 13,18; 13,24; 13,30; 13,39; 13,45; 13,54; 14,03; 14,10;14,17; 14,25; 14,32; 14,39; 14,48; 14,53; 15,02; 15,07; 15,12; 15,18;15,24; 15,29; 15,35; 15,44; 15,47(из депо);15,49; 15,57(из депо); 15,59;16,09(из депо); 16,11; 16,18(издепо); 16,20; 16,29; 16,35; 16,41(издепо); 16,42; 16,49; 16,55; 17,00; 17,05; 17,10; 17,15;17,20; 17,25; 17,31; 17,38; 17,47; 17,52; 17,59; 18,06; 18,12; 18,19;18,27; 18,31(из депо); 18,36;18,43(из депо); 18,45; 18,53;18,59(из депо); 19,02; 19,10; 19,20;19,24(из депо); 19,32; 19,43; 19,55;20,07; 20,18; 20,25(из депо); 20,31;20,41; 20,51; 21,03; 21,16; 21,29; 21,38(издепо); 21,43; 21,49(из депо);21,57; 22,10; 22,22; 22,36; 22,47; 22,59; 23,12; 23,24; 23,39
Маршрут№ 2 «П.Алексеева (рынок) — ул.Багратиона»
5,29; 5,44; 5,58; 6,11; 6,26; 6,41;6,55; 7,08; 7,23; 7,34; 7,43; 7,50; 7,58; 8,05; 8,13; 8,21; 8,31;8,38; 8,52; 8,56(в депо); 9,02; 9,12;9,19(в депо); 9,27; 9,35(вдепо); 9,41; 9,51; 10,01; 10,11; 10,14(вдепо); 10,24; 10,32; 10,40; 10,49; 11,00; 11,03(вдепо); 11,12; 11,23; 11,35; 11,38(вдепо); 11,47; 11,52(в депо);12,00; 12,11; 12,23; 12,25(в депо);12,35; 12,45; 12,53; 13,03; 13,11; 13,21; 13,25(вдепо); 13,35; 13,49; 13,58; 14,06; 14,16; 14,25; 14,35;14,47; 14,56; 15,04; 15,16; 15,20(в депо);15,29; 15,36(в депо); 15,45; 15,54;16,02; 16,10; 16,20; 16,28; 16,36; 16,44; 16,51; 16,59; 17,07; 17,15;17,24; 17,35; 17,41(в депо); 17,50;17,57(в депо); 18,03; 18,13(вдепо); 18,19; 18,30(в депо);18,36; 18,46(в депо); 18,49; 19,00(вдепо); 19,03; 19,14(в депо);19,18; 19,27(в депо); 19,32; 19,41(вдепо); 19,46; 20,00; 20,14; 20,28; 20,42; 20,56; 21,10;21,24; 21,38; 21,52; 22,06; 22,20; 22,34; 22,48; 23,02; 23,16;23,27(в депо); 23,41(вдепо); 23,55(в депо)
Маршрут№ 2 «Медгородок — ул.Багратиона»
5,32; 5,43; 5,58; 6,13; 6,25; 6,40;6,55; 7,09; 7,23; 7,38; 7,49; 7,58; 8,05; 8,13; 8,20; 8,28; 8,36;8,46; 8,53; 9,07; 9,17; 9,27; 9,42; 9,56; 10,06; 10,15; 10,27; 10,39;10,47; 10,55; 11,05; 11,15; 11,27; 11,38; 11,50; 12,02; 12,14; 12,26;12,38; 12,50; 13,01; 13,08; 13,18; 13,26; 13,36; 13,50; 13,58; 14,04;14,14; 14,21; 14,32; 14,40; 14,50; 14,58; 15,02; 15,11; 15,19; 15,31;15,44; 16,00; 16,09; 16,17; 16,25; 16,35; 16,43; 16,51; 16,59; 17,06;17,14; 17,23; 17,30; 17,40; 17,50; 18,06; 18,18; 18,34; 18,50; 19,03;19,17; 19,32; 19,46; 20,00; 20,14; 20,28; 20,42; 20,56; 21,10; 21,24;21,38; 21,52; 22,06; 22,20; 22,34; 22,48; 23,02; 23,16; 23,30
Маршрут№ 2 «ул. Багратиона — П.Алексеева (рынок)»
5,53; 6,07; 6,21; 6,35; 6,49; 7,03; 7,17; 7,30; 7,43; 7,58; 8,12; 8,20; 8,27; 8,35; 8,42; 8,50; 8,58; 9,06; 9,15; 9,27; 9,37; 9,49; 10,03; 10,17; 10,27; 10,36; 10,48; 10,59; 11,09; 11,17; 11,26; 11,36; 11,49; 11,59; 12,10; 12,24; 12,37; 12,48; 13,00; 13,13; 13,23; 13,31; 13,42; 13,50; 14,01; 14,13; 14,21; 14,29; 14,37; 14,45; 14,53; 15,01; 15,10; 15,19; 15,25; 15,34; 15,41; 15,54; 16,06; 16,20; 16,30; 16,38; 16,46; 16,55; 17,03; 17,11; 17,19; 17,27; 17,35; 17,45; 17,53; 18,03; 18,13; 18,27; 18,40; 18,54; 19,08; 19,22; 19,37; 19,51; 20,05; 20,19; 20,34; 20,48; 21,02; 21,15; 21,30; 21,44; 21,58; 22,12; 22,26; 22,40; 22,54; 23,08; 23,22; 23,35(в депо); 23,49(в депо)
Маршрут№ 2 «Медгородок — П.Алексеева (рынок)»
5,16(из депо);5,28(из депо); 5,41(издепо); 5,56(из депо);6,12; 6,26; 6,40; 6,54; 7,08; 7,20(из депо);7,23; 7,36; 7,42(из депо); 7,50;7,57(из депо); 8,02; 8,13(издепо); 8,18; 8,32; 8,40; 8,46; 8,55; 9,02; 9,10; 9,18;9,26; 9,35; 9,47; 9,53(из депо);9,57; 10,09; 10,19(из депо); 10,23;10,33(из депо); 10,37; 10,47; 10,56;11,08; 11,17(из депо); 11,20; 11,29;11,37; 11,46; 11,56; 12,07(из депо);12,09; 12,19; 12,30; 12,39(из депо);12,44; 12,56(из депо); 12,57; 13,08;13,20; 13,33; 13,43; 13,51; 14,02; 14,10; 14,21; 14,33; 14,41; 14,49;14,57; 15,05; 15,13; 15,21; 15,30; 15,39; 15,45; 15,54; 16,01; 16,14;16,20(из депо); 16,26; 16,33(издепо); 16,40; 16,50; 16,58; 17,06; 17,15; 17,23; 17,31;17,39; 17,47; 17,55; 18,05; 18,12; 18,22; 18,32; 18,36(издепо); 18,46; 18,50(из депо);19,00; 19,05(из депо); 19,13;19,20(из депо); 19,27; 19,31(издепо); 19,41; 19,56; 20,10; 20,24; 20,38; 20,53; 21,07;21,21; 21,34; 21,49; 22,03; 22,17; 22,31; 22,45; 22,59; 23,13; 23,27;23,41
