Маршрут№ 1 «Полиграфкомбинат — ул.Багратиона»
5,51; 6,19; 6,38; 6,52; 7,09; 7,24;7,34; 7,49; 7,59; 8,09; 8,24; 8,36; 8,43; 8,56(вдепо); 9,11; 9,19(в депо);9,31; 9,42; 9,55(в депо); 10,07;10,17; 10,28(в депо); 10,37; 10,51(вдепо); 11,04; 11,14; 11,27(в депо);11,34; 11,48; 11,58; 12,15; 12,20(в депо);12,34; 12,51; 13,07; 13,20; 13,35; 13,58; 14,12; 14,25(вдепо); 14,38; 14,53; 15,06; 15,16; 15,25; 15,37; 15,45;15,58; 16,12; 16,22; 16,34; 16,44; 16,56; 17,08; 17,20; 17,31(вдепо); 17,40; 17,51(в депо);18,06; 18,19; 18,26(в депо); 18,40;18,51; 18,57(в депо); 19,14; 19,23(вдепо); 19,38; 19,55(в депо);20,05; 20,29; 20,53(в депо); 20,59;21,20; 21,46; 22,10; 22,46
Маршрут№ 1 «Медгородок — ул. Багратиона»
5,17; 5,38; 6,08; 6,27; 6,37; 6,49; 6,56; 7,09; 7,20; 7,29; 7,43; 7,53; 8,08; 8,18; 8,28; 8,43; 8,55; 9,02; 9,30; 9,50; 10,01; 10,26; 10,36; 10,56; 11,23; 11,33; 11,53; 12,07; 12,17; 12,34; 12,54; 13,10; 13,26; 13,39; 13,54; 14,03; 14,18; 14,32; 14,58; 15,12; 15,25; 15,35; 15,44; 15,56; 16,04; 16,16; 16,31; 16,41; 16,53; 17,03; 17,14; 17,27; 17,40; 17,59; 18,25; 18,38; 18,59; 19,10; 19,32; 19,56; 20,22; 20,47; 21,16; 21,38; 22,04; 22,28; 23,04
Маршрут№ 1 «ул. Багратиона — Полиграфкомбинат»
5,40; 6,02; 6,28; 6,48; 6,58; 7,08;7,15; 7,28; 7,41; 7,51; 8,05; 8,15; 8,30; 8,40; 8,50; 9,05; 9,16;9,25; 9,50; 10,14; 10,27; 10,48; 10,58; 11,18; 11,44; 11,56; 12,14;12,28; 12,38; 12,56; 13,16; 13,31; 13,47; 14,01; 14,16; 14,25; 14,39;14,55; 15,21; 15,33; 15,45; 15,55; 16,06; 16,19; 16,26; 16,38; 16,53;17,03; 17,15; 17,23; 17,36; 17,49; 18,03; 18,20; 18,46; 18,58; 19,19;19,31; 19,53; 20,17; 20,40; 21,06; 21,34; 22,08; 22,23(вдепо); 22,47(в депо);23,25(в депо)
Маршрут№ 1 «Медгородок — Полиграфкомбинат»
5,36(из депо);5,59; 6,20; 6,37(из депо); 6,47;7,07; 7,17; 7,28; 7,35; 7,49; 8,01; 8,12; 8,25; 8,35; 8,50; 9,00;9,10; 9,25; 9,36; 9,45; 10,00(из депо);10,10; 10,21(из депо); 10,34; 10,47;10,56(из депо); 11,08; 11,17;11,31(из депо); 11,38; 11,58(издепо); 12,04; 12,16; 12,34; 12,48; 12,58; 13,16; 13,36;13,51; 14,07; 14,21; 14,36; 14,45; 14,59; 15,06(издепо); 15,15; 15,28(из депо);15,41; 15,53; 16,05; 16,15; 16,26; 16,39; 16,46; 16,58; 17,13; 17,23;17,35; 17,43; 17,56; 18,09; 18,23; 18,34(издепо); 18,40; 18,56(из депо);19,06; 19,17; 19,38; 19,49; 20,12; 20,36; 20,44(издепо); 20,59; 21,25; 21,52; 22,27
Маршрут№ 1 «Полиграфкомбинат — ул.Багратиона»
5,50;6,17; 6,44; 7,09; 7,24; 7,35; 7,50; 8,05; 8,23; 8,44; 8,56(вдепо); 9,13; 9,28; 9,41(в депо);10,00; 10,16; 10,32; 10,48(в депо);11,02; 11,17(в депо); 11,35; 11,53(вдепо); 12,01; 12,23; 12,36; 12,53; 13,11; 13,22; 13,42;13,58; 14,16; 14,36; 14,48; 15,08; 15,21(в депо);15,34; 15,52(в депо); 16,09; 16,28;16,44; 16,58; 17,15; 17,28(в депо);17,44; 18,05; 18,17(в депо); 18,36;18,48; 19,07; 19,29(в депо); 19,35;19,51(в депо); 20,13; 20,21(вдепо); 20,47; 21,28; 22,08; 22,48
Маршрут№ 1 «Медгородок — ул. Багратиона»
5,21;5,38; 6,07; 6,34; 7,02; 7,28; 7,43; 7,54; 8,09; 8,24; 8,42; 9,03;9,32; 9,47; 10,19; 10,35; 10,51; 11,21; 11,54; 12,20; 12,42; 12,54;13,12; 13,30; 13,41; 14,01; 14,18; 14,36; 14,55; 15,08; 15,27; 15,54;16,28; 16,47; 17,03; 17,17; 17,34; 18,02; 18,24; 18,55; 19,07; 19,25;19,53; 20,34; 21,06; 21,45; 22,27; 23,07
Маршрут№ 1 «ул. Багратиона — Полиграфкомбинат»
5,40;6,00; 6,28; 6,56; 7,24; 7,47; 8,03; 8,16; 8,31; 8,46; 9,02; 9,23;9,54; 10,08; 10,40; 10,55; 11,13; 11,43; 12,14; 12,42; 13,05; 13,17;13,35; 13,54; 14,05; 14,25; 14,41; 14,57; 15,15; 15,31; 15,49; 16,16;16,51; 17,07; 17,23; 17,38; 17,57; 18,23; 18,49; 19,15; 19,28; 19,45;20,12; 20,53; 21,25; 22,06; 22,46(в депо);23,28(в депо)
Маршрут№ 1 «Медгородок — Полиграфкомбинат»
5,34(издепо); 6,00; 6,19; 6,48; 7,04(издепо); 7,16; 7,32(из депо);7,44; 8,06; 8,23; 8,36; 8,51; 9,06; 9,22; 9,43; 10,00(издепо); 10,14; 10,28; 10,44(из депо);11,00; 11,15; 11,33; 11,43(из депо);12,03; 12,18(из депо); 12,34;12,54(из депо); 13,03; 13,25; 13,37;13,55; 14,14; 14,26; 14,46; 15,01; 15,17; 15,35; 15,51; 16,09;16,24(из депо); 16,36; 16,55(издепо); 17,11; 17,27; 17,43; 17,58; 18,16; 18,30(издепо); 18,42; 19,09; 19,17(из депо);19,34; 19,49; 20,04; 20,31; 21,12; 21,44; 22,25
